10
0.5
26
1
0
0
0
0
0
35
0
0
0
0
0
0
13.2
0
0
0
0
-1
47.6
0
0
2
0
10.6
15.6
0
0
0
0
40
39.2
0
17
41
0
44
35
0
0
0
0
0
47.2
7.8
19.9
1
0
0
0
0
0
0
0
0
5.2
0.4
0.1
0.6
17.3
13.6
0
0
0
0
0
0
18.9
5.2
28
-1
18.7
55.8
3
2
0
0
0
0
47.5
8.7
0
2.7
-1
0.1
1.1
0
0
0
0
0
30
17.6
34.1
23.3
10.9
0
6.6
0
0
0
0
0
24.3
7.4
17.7
4.6
0
63.5
0.2
0
0
0
0
0
0.1
2.1
118.3
11.2
65.4
29
43.1
0
0
0
0
0.2
54.5
3.2
3.4
-1
10.5
0
3
0
0
0
0
14.7
15.2
3.8
0
15.7
6.7
5.2
0.2
0
0
0
0
0
0.8
4.8
999
999
999
999
999
999
999
999
999
999
999
999
7.8
9
7.6
9.6
0
0
0
0
0
0
29.5
1.7
0.3
79.6
95.4
1
0.3
0
0
0
0
34.5
1.1
5
1.5
7.6
8
85.8
56.3
0
0
0
0
13.9
15.7
7.4
17.8
2
8
62.8
7.7
3.6
0
0
0
0
-1
0
2.1
0
25.4
24
0
0
0
0
0.4
0
214.3
0
19.2
0
3.2
4.6
-1
0
0
0
0
0
103.9
39.8
30.3
5
25.1
57.8
-1
0
0
0
1.6
1.5
5.4
11.1
0
3.7
2.5
22.8
5.6
0
0
-1
0
40.1
0.7
4
3.9
0
0
48.4
0.4
0
0
0
0
0
0
6.5
0.7
54.1
13.3
33.3
1.8
0
0
0
0
0
9.8
8.4
25.5
4.8
9.8
18.3
0
0
0
0
0
0.9
0
0
10.4
32.3
51.3
2
0
0
0
0
0
2.4
0.3
0
15.3
0.1
8.9
5
8.8
0
0
0
0
0
38.8
0.3
6.4
31.4
80.5
47.5
34.3
0
0
0
0
27.7
1.6
14.3
13.4
1.3
5
18.4
8.2
0
0
0
0.4
17.7
39
11.7
0
7.7
24.5
7.3
17.5
0
-1
0
0
0
0.7
55.2
22.7
9.7
8.5
2.7
-1
0
0
1
0
0
29.6
11.5
21.1
-1
2.4
0
2.8
-1
-1
0
0
6.4
-1
0.1
22.7
1.8
77.3
11
2.6
-1
4.2
-1
0.3
0
4.5
-1
27
1.8
21.9
16.6
-1
0
0
0
0
0
1
25.7
11.3
28.7
-1
-1
7
0
0
0
0
19.1
44.8
11.8
10.5
0
40.7
5.7
-1
0
0
0
-1
-1
-1
22.3
999
999
40.3
33.4
0
0
0
0
999
999
11.8
2.4
5.4
0
0
1.9
14.5
-1
0
0
0
0
47.8
3
26.2
0
-1
10.4
-1
0
0
0
0
-1
36.2
1.7
37.6
21
4.3
19.8
1.5
0
0
0
0
0
1
-1
5.2
27.5
-1
13.5
40.3
0
0
-1
-1
7
2.6
-1
-1
-1
0
10.3
-1
0
0
0
0
0
0
-1
41.3
2.1
0
2.5
-1
0
0
0
0
-1
8.7
0
0
-1
-1
-1
17.9
0
0
-1
0
8.9
16.6
10.1
5.4
-1
35.5
3.4
3.6
-1
0
0
0
-1
0
1.8
2.7
-1
-1
20.5
-1
2
0
0
0
0
10.1
0
0
2.7
4.6
6.8
-1
0
0
0
0
-1
2.7
-1
