999
999
999
999
999
999
999
999
999
999
999
999
0
0
0
4.6
4.2
0
0
0
0
-1
88.9
0
2
18
4
3.9
39.3
0
0
0
0
0
11.2
5.2
58
5
4.2
26.7
4
0
0
0
0
8
8.5
0
46.2
2.4
33.6
13.1
2
0
0
0
0
0
0
16.3
-1
2
66.8
13
4.8
0
0
0
0
0
10.2
-1
0
-1
5.1
103.2
10.2
-1
0
0
0
0
0
47.5
2.1
16.2
1.2
22.8
0.5
0
0
0
0
0
0
74.5
26
9.6
58.9
13.8
2.7
0
0
0
0
0
0
5.5
2.4
2.8
1.1
14.9
3.3
0
0
0
0
0
0
13.9
16.3
6.1
70.6
35.8
1.8
0
0
0
0
0
37.2
8.7
14.1
-1
4.8
1.7
15.6
0
0
0
0
3.3
2.5
7.6
20.3
6.6
28.1
28.5
0
0
0
0
0
0
8.7
2.1
999
999
999
999
999
999
999
999
999
999
999
999
1.4
20.5
22.6
1.2
-1
0
0
0
0
0
58.3
2.6
8.7
63.1
80.2
1
6
0
0
0
0
-1
9
2.7
25.9
42.5
72.8
106
142.3
0
0
0
0
32.6
21.1
17.1
11.5
-1
11.5
62.3
115.2
0
0
0
0
0
0.1
-1
0.3
-1
15.9
7
0
0
0
0
0
0
49.8
12.5
34.7
0
4.2
17.2
3.1
0
0
0
0
0
57.5
23.8
14.1
25
24
69.8
6.5
0
0
0
0
0
3.7
18.2
3.1
15.1
53
7.2
20.2
0
0
0
0
14.5
0
4.7
38.4
2.5
1.5
36.9
0
0
0
0
0
0
0
6.9
0.8
7.7
11.9
30.6
0
0
0
0
0
3.4
7
34.8
26.4
6.7
17.6
3.7
0.6
0
0
0
0
0
0
0
38.2
54
18
25.5
0
0
0
0
0
16.7
4.6
5.4
21.2
1
12.7
55.7
6.7
0
0
0.5
0
0.2
78.2
18.7
17.9
29
67.7
43.7
27.3
0
0
0
0
4.9
8
0.7
8.6
2.3
12.3
29.9
15.2
0
0
0
4
12.2
21.9
23.2
1.2
23.1
53.2
51
1.4
0
0
0
0
0
7.9
110.8
19.7
16.3
18.2
28
5
0
0
0
0
0
36.6
3.5
11.3
-1
91
12.7
7.6
-1
0.5
0
0
33.5
117.1
17.3
33.1
1.6
51.5
13.9
8.1
-1
-1
-1
-1
0
0.3
0.1
73.5
4.2
4.7
1.8
-1
0
0
0
0
0
-1
14.3
3.9
-1
-1
6.9
7.8
0
0
0
0
4
110.4
20.1
999
999
999
999
999
999
999
999
999
999
999
999
8.8
26.8
84.3
8
0
0
0
999
0
0
999
19.5
15.2
0
13.2
10.7
13.1
0
0
0
0
0
8.1
18.2
67.8
0
7.5
72.7
0
0
0
0
0
0
3
8.8
101.6
45.4
18.1
16.3
-1
0
0
0
0
0
13
8
9.7
16.1
-1
15.1
22.5
0
0
0
0
0
15.9
0
5.3
5.3
36
12.8
10.2
0
0
0
0
0
0
0
9.6
2
0
26.7
-1
0
0
0
0
5.6
56.4
0
-1
2.1
-1
10.3
47.1
-1
0
0
0
0
44.4
15.4
2.7
1
-1
27.9
16.4
0
0
0
0
0
0
10.2
26.6
0
1
46.4
-1
-1
0
0
0
0
51.6
0
0
7.7
3.8
7.1
2.2
0
0
0
0
0
32.9
23
