0
8
0
5.5
0
0
0
0
0
0
0
0
-1
2.6
84.3
44.3
69
0
0
0
0
0
16
0
0
14
2.5
50.6
29.1
0
0
0
0
0
5.9
5.3
111.1
4.2
21.8
16.1
12.7
0
0
1
0
0
5.6
-1
6.2
0
6
1
0
0
0
0
0
0
0
1.6
0
0
16.9
113.3
0
0
0
0
0
0
0
1.5
25.7
1.3
99.6
75.1
3.3
-1
0
0
0
-1
7.3
17.4
5.5
0
0
20
5.1
0
8.8
0
0
0
0
29.9
4.9
6.9
22.8
0.8
26.1
0
0
0
0
0
0
12.6
29.3
3.4
48.4
56.3
0.1
0
0
0
0
0
0
39.5
5.3
21.7
78.7
124.3
8.9
0
0
0
0
0
3.5
15.3
6
2.1
5.3
17.9
5.5
0
0
17.4
0
3.1
0
4.3
2.5
6.4
0
6.3
0
0
0
0
0
0
1
0
999
999
999
999
999
999
999
999
999
999
999
999
12.6
38.9
3.6
1.4
0.1
0
0.3
0
0
0
3.8
3.1
-1
1.7
12.3
-1
7.3
0
0
0
0
0
0
0.5
0.5
16.1
41.8
19.4
3.4
0
0
0
0
27.1
5.3
15.7
-1
3.8
41.3
14.8
4.2
-1
0
-1
0
0
0
0
0.4
10.9
52.3
3.5
4.4
0
0
0
-1
0
0.3
11.9
7
0
6
24
13
0
0
-1
0
0
0.1
21.7
4
1.5
18.2
106.6
0
0
0
0
0
0
0
45.7
1
1.4
52.3
0
0.7
0
0
0
0
0
0
5.2
8.6
36.4
0
21.5
0
0
0
0
0
0
0
2.8
0
1
44.2
30.2
0
0
0
0
0
0
0
18.3
19.7
1.5
1.7
1.1
2
0
0
0
0
0
0
0
24.6
4.9
11.3
1.3
0
0
0
0
0
0
0
5.4
11.8
7.5
27
9.8
4.8
0
0
0
0
0
1.6
33.8
73.6
30.1
17.2
92.4
37
0
0
0
0
0
0
0.4
1.1
0
15.8
20.3
15.6
0
0
0
0
1.5
-1
1.2
1.2
15.6
82.4
51.6
0
0
-1
0
0
0
7.1
98.6
53.1
2.3
94.4
38.9
10
0
0
0
0
0
1.5
0
22.4
0
38.3
22.7
0.3
-1
-1
0
0
28.9
192.8
3.5
43.9
0
11.4
17.1
-1
0
0
0
0
0
0
0
24.5
6.8
-1
0
0
0
0
0
0
0
0
1.1
14
0
0
4.5
5
0
0
0
0
0
51.1
-1
-1
1.1
48.7
7.9
-1
0
0
-1
0
0
0
37.8
12.1
999
39.1
13.9
0
0
0
0
999
0
4.6
26.5
-1
-1
8
27.9
1
0
0
0
0
0
-1
97.8
32.6
-1
-1
58.7
2.3
0
-1
0
0
0
0
17.1
5.3
53.9
11.6
-1
-1
0
0
0
0
0
3
1.2
-1
3.2
2.5
21.4
0
0
0
0
0
0
67.1
12
12
12
3
28.2
-1
0
0
0
0
0
0
0
-1
-1
0
-1
0
0
0
0
0
0
14.5
0
0
-1
7
23.2
2
0
0
0
0
0
-1
11
-1
0
-1
16.5
16.2
0
0
5
0
0
0
-1
51.6
-1
13.3
41.4
-1
0
0
5
0
0
0
-1
999
999
999
999
999
999
999
999
999
999
999
999
