2.354068
2.683048
6.719947
10.09169
13.57845
8.739768
11.38747
13.7602
9.889896
9.113491
3.822017
3.135977
3.011939
3.500586
7.756304
10.1042
12.25554
7.747421
10.52925
11.70789
9.395128
9.177095
4.530106
2.249505
2.816943
3.701829
6.277399
7.224893
11.46343
8.338459
11.56944
12.16983
10.44827
8.608595
5.140812
2.633758
3.246259
4.436458
7.551436
8.143438
12.69294
8.410975
11.84984
12.97575
9.587745
9.101453
4.623622
2.741258
3.53739
5.602991
9.593649
9.726605
13.34044
9.278822
12.8294
14.09732
10.77496
9.539503
5.403307
3.506913
3.800158
4.562226
7.929721
6.208918
9.551753
8.675746
12.54008
13.24412
10.6125
9.599117
4.849006
2.233124
2.008664
2.291492
6.539118
9.06337
13.37704
9.303979
12.62025
12.92104
10.38159
8.431454
5.371458
2.583829
2.459869
3.761893
8.031159
6.215712
11.59451
9.021583
12.3558
14.33702
11.2904
9.702085
4.239491
3.298448
5.168024
4.415538
7.889932
10.53362
14.38154
9.735204
12.63697
14.35657
11.63127
9.344534
5.355804
3.994453
4.271998
4.238871
5.568318
9.189569
14.10785
8.827076
13.35727
13.38453
11.77527
9.57094
3.810377
2.29813
3.779635
3.722133
7.785189
7.729762
9.714428
8.686931
13.13313
13.27961
11.12365
9.759038
5.374918
4.067488
3.386058
3.795388
9.715216
8.951045
13.58528
9.68666
12.57884
13.43201
11.26359
10.62513
5.329369
3.695496
3.680316
4.340983
6.33144
10.96251
13.90824
9.534721
12.45782
13.36198
11.31321
10.07985
6.131792
3.819608
4.979519
5.716458
9.329138
7.968153
13.78401
8.677554
13.7137
13.95191
11.0934
9.567063
5.288671
3.534431
3.920961
3.938008
8.36887
7.885952
7.342877
9.216356
12.0577
14.26982
11.43645
10.72619
4.264336
2.15225
2.845452
4.548487
8.756354
9.785715
14.05925
9.014108
12.85419
15.04458
12.41759
9.986453
5.356117
3.539726
2.113448
2.455467
3.890995
6.428565
14.18704
9.989404
12.99881
14.53383
12.5317
9.748921
5.783366
4.033059
4.789577
5.718749
9.616884
9.981569
14.85341
9.479884
14.28162
14.77449
12.61893
9.607793
5.740731
4.040605
4.110918
1.659871
2.84664
2.860333
9.760553
8.734318
12.27423
13.91421
11.59887
11.41067
4.671202
3.285293
4.332448
7.480335
11.06223
9.687697
15.42027
12.16979
15.4403
18.20867
15.59691
11.73591
4.144474
2.698282
3.251712
4.987563
7.061518
15.67845
17.78743
13.84386
19.5552
19.11533
16.66334
15.05757
6.62689
5.657967
5.502943
5.734134
10.00307
13.05618
17.92314
14.39781
18.58433
19.32617
17.53389
15.65795
8.35657
5.126193
6.357388
7.087512
14.2581
13.66578
22.08041
16.33854
22.18898
21.80514
17.94881
16.74862
8.906668
3.583737
5.479607
4.359291
3.590103
6.987581
23.1985
18.03138
25.87078
26.37328
22.46687
18.88905
10.53822
7.424616
8.99596
7.883648
5.851779
5.869195
7.203443
14.64756
23.13963
28.42966
25.61522
19.70205
4.940362
4.080121
5.868614
8.539899
17.17939
18.44317
9.49297
16.87964
31.58959
33.48824
27.11881
22.01258
14.00406
9.405933
11.8958
15.73808
26.04251
19.23357
28.4672
24.03346
32.87601
32.81039
28.63338
24.2571
10.70175
3.86478
4.46146
5.329383
12.52775
8.402355
19.26481
20.89929
32.44848
38.07379
31.61614
26.96938
9.08007
3.612911
4.419453
3.896338
6.265868
5.27919
22.81644
21.2255
35.72274
41.44738
33.87679
31.55236
15.86735
9.007174
11.55049
14.69868
7.638128
17.58639
35.74407
29.79828
42.41729
44.50417
35.9192
30.70914
16.33632
11.5585
9.438993
13.44402
27.56973
25.63577
45.57877
31.49505
43.07495
45.20217
38.92786
32.24297
17.62728
12.27718
13.45816
12.715
14.47058
23.41684
44.36767
31.10885
43.28901
46.12909
37.20684
31.95498
17.69227
7.035444
6.995261
7.910729
20.95714
27.71278
38.24532
31.9166
42.94078
44.95601
38.04735
31.73209
18.69227
12.65481
12.36662
13.57984
15.80874
25.79975
44.18986
31.99093
39.24658
43.08368
37.0006
29.36767
17.24532
12.30678
10.75825
12.83396
24.41616
26.92762
41.35733
31.59752
40.85524
46.04034
37.02388
31.99632
12.7161
6.37737
9.822163
10.36176
14.5328
10.24435
27.18245
30.77831
41.85888
46.54532
37.94602
33.60988
17.49257
13.12331
16.98907
18.74249
29.21634
30.3233
44.34201
32.54326
41.16008
48.45708
39.14367
33.70587
16.26321
8.035692
12.17969
14.06864
19.94197
20.33691
41.59336
32.07268
43.72944
50.85593
39.20727
33.29878
19.11059
7.064984
4.823532
7.865482
21.1773
25.84663
47.09626
33.6472
47.01769
50.84007
41.43076
32.80762
18.01146
9.434233
13.39333
15.90366
22.39268
29.96012
48.8895
33.63258
44.15918
47.23221
40.87273
34.14114
8.645141
3.954122
4.821607
9.11944
12.12103
23.53062
44.49889
34.07397
47.17979
52.78705
41.24344
34.72041
20.68601
14.60901
10.63502
13.8636
26.32938
38.04245
54.3788
35.63012
46.04429
52.89687
42.60574
35.9668
19.82011
12.65486
16.32473
19.58994
31.0742
41.00184
51.74123
33.67239
49.47081
54.81868
40.15702
32.87037
14.77369
8.649457
11.31775
17.81051
22.84166
26.49108
50.68157
33.12589
46.63435
54.96754
40.37684
34.01409
18.60067
10.4043
11.45056
16.25709
20.45272
33.04034
49.73443
33.72685
47.5514
52.11529
40.96474
35.86175
19.01533
10.94107
14.07074
17.58477
28.27548
36.27308
49.64444
34.04554
46.26655
53.40511
40.50777
35.61544
19.34846
6.63329
8.525126
11.59025
30.28288
30.15782
40.5036
32.49036
46.44761
50.36887
39.29661
35.18638
19.31466
9.714899
11.95256
5.387934
11.69833
33.49432
45.97836
32.58816
46.42114
50.77248
40.32776
33.35981
19.43074
14.44229
17.75466
17.6613
30.40022
36.81902
49.23658
35.08512
46.2661
54.2142
39.53952
36.505
16.85111
11.14161
15.52258
20.43565
32.27691
41.56955
52.02116
35.27886
44.59114
49.92889
41.90602
36.42743
19.42871
13.43209
14.75949
17.66114
34.67648
36.71605
50.22707
34.45322
44.60748
51.53123
43.91826
35.28653
13.43685
10.72215
