-9999
-9999
-9999
1.542086
3.446132
4.310045
4.904361
3.040807
1.278799
1.214928
-9999
-9999
-9999
-9999
-9999
1.683693
3.418627
4.324784
4.782784
3.16455
1.268239
1.232577
-9999
-9999
-9999
-9999
-9999
1.504661
3.424089
4.383435
4.495119
3.230316
1.305347
1.233881
-9999
-9999
-9999
-9999
-9999
1.713952
3.310364
4.46419
4.729358
3.101572
1.238042
1.246078
-9999
-9999
-9999
-9999
-9999
1.574871
3.476917
4.502012
4.854403
3.208818
1.237725
1.325868
-9999
-9999
-9999
-9999
-9999
1.61816
3.710082
4.58649
5.017833
3.262204
1.217565
1.27677
-9999
-9999
-9999
-9999
-9999
1.470871
3.414927
4.614529
5.063103
2.971041
1.261458
1.307937
-9999
-9999
-9999
-9999
-9999
1.938567
3.746565
4.779509
4.99737
3.028522
1.309488
1.336786
-9999
-9999
-9999
-9999
-9999
1.790193
3.788288
4.730694
5.268939
3.308704
1.317029
1.352699
-9999
-9999
-9999
-9999
-9999
2.058125
3.694423
4.559724
5.255944
3.392203
1.394981
1.148444
-9999
-9999
-9999
-9999
-9999
1.665529
3.590878
4.611373
5.368409
3.184082
1.25944
1.385605
-9999
-9999
-9999
-9999
-9999
1.89564
3.522985
5.045502
5.156965
3.118908
1.3076
1.401225
-9999
-9999
-9999
-9999
-9999
1.86681
3.652738
4.571517
5.240198
3.283522
1.275298
1.439365
-9999
-9999
-9999
-9999
-9999
2.000665
3.725142
4.733061
5.449524
3.389048
1.348783
1.432012
-9999
-9999
-9999
-9999
-9999
1.872191
3.855053
5.317577
5.617162
3.648478
1.341193
1.229842
-9999
-9999
-9999
-9999
-9999
1.735889
3.812702
5.447973
5.721143
3.260288
1.364686
1.147024
-9999
-9999
-9999
-9999
-9999
1.989401
3.74557
5.033837
5.796577
3.488336
1.38319
1.494128
-9999
-9999
-9999
-9999
-9999
1.668473
4.020939
5.037072
5.532076
3.519794
1.438284
1.444643
-9999
-9999
-9999
-9999
-9999
1.910967
3.754184
5.034352
5.840385
3.590319
1.439439
1.283568
-9999
-9999
-9999
-9999
-9999
1.934455
4.065018
5.440279
6.065576
3.524662
1.545167
1.229799
1.016156
-9999
-9999
-9999
-9999
1.78782
3.981997
5.538045
5.961
3.839132
1.433417
1.368043
1.030257
-9999
-9999
-9999
-9999
1.785426
4.239079
5.645198
5.988252
3.778274
1.523311
1.195787
1.060724
-9999
-9999
-9999
-9999
1.755732
4.022603
5.808949
6.187657
3.546913
1.518298
1.195132
-9999
-9999
-9999
-9999
-9999
2.178859
4.109051
5.863335
5.991851
3.539209
1.485704
1.221003
1.086429
-9999
-9999
-9999
-9999
1.94496
4.272534
5.522162
5.845119
3.886252
1.56106
1.2345
1.093185
-9999
-9999
-9999
-9999
1.81465
4.340969
5.749974
6.128588
3.833092
1.502323
1.236267
1.133471
-9999
-9999
-9999
-9999
1.66585
4.549106
5.645809
6.299437
3.787945
1.51619
1.278537
1.079098
-9999
-9999
-9999
-9999
2.657702
4.536618
5.805319
6.511843
3.83181
1.665404
1.259164
1.098904
-9999
-9999
-9999
-9999
2.061222
4.513881
5.897384
6.169841
4.220749
1.495199
1.202727
1.172072
-9999
-9999
-9999
-9999
2.208336
4.344317
5.861265
6.412219
4.3169
1.592509
1.297641
1.126071
-9999
-9999
-9999
-9999
1.821583
4.261249
5.837651
6.55906
4.284386
1.616344
1.229579
1.134502
-9999
-9999
-9999
-9999
2.289076
3.890275
6.129397
6.536591
4.10224
1.527761
1.267243
1.189027
-9999
-9999
-9999
-9999
1.715671
4.258581
5.838386
6.238123
4.013278
1.584002
1.290789
1.151235
-9999
-9999
-9999
-9999
2.052372
4.496203
5.985038
6.530353
4.058918
1.687305
1.270416
1.199014
-9999
-9999
-9999
-9999
1.754621
4.701338
6.1492
6.653157
4.271573
1.77504
1.308764
1.206365
-9999
-9999
-9999
-9999
2.756876
4.683185
5.600308
6.748845
4.19837
1.578556
1.300503
1.562977
-9999
-9999
-9999
-9999
1.901939
4.575861
5.939089
6.775875
4.043282
1.699953
1.497481
1.208935
-9999
-9999
-9999
-9999
2.040918
4.473944
5.956607
7.005455
4.432078
1.65501
1.310007
1.248627
-9999
-9999
-9999
-9999
1.807858
4.832991
6.269464
6.753853
3.897045
1.639918
1.364714
1.306069
-9999
-9999
-9999
-9999
2.609621
4.456376
6.351174
6.955078
4.059382
1.616041
1.454221
1.298252
-9999
-9999
-9999
-9999
2.215326
4.701523
6.143764
6.664281
3.963573
1.790983
1.201623
1.263607
-9999
-9999
-9999
-9999
2.213881
4.821238
6.499153
6.579412
4.314382
1.673833
1.477344
1.285311
-9999
-9999
-9999
-9999
2.214839
4.532321
5.89168
6.527855
4.496281
1.693939
1.630398
1.332322
-9999
-9999
-9999
-9999
2.021447
5.098482
6.663231
7.10234
4.104859
1.625647
1.477122
1.310395
-9999
-9999
-9999
-9999
1.865024
4.822706
6.623627
7.087471
4.240483
1.581788
1.432204
1.383837
-9999
-9999
-9999
-9999
2.590127
5.021883
6.447651
7.117859
4.325746
1.761823
1.429199
1.36634
-9999
-9999
-9999
-9999
3.026077
4.866393
6.782435
7.595161
4.404284
1.751543
1.598515
1.337794
-9999
-9999
-9999
-9999
1.726181
5.286655
6.782288
7.058777
4.393973
1.645252
1.454638
-9999
-9999
1.005071
-9999
-9999
1.770397
5.032364
6.835243
7.080748
4.6144
1.649332
1.327552
-9999
-9999
-9999
1.00096
-9999
2.494254
5.130176
7.000002
7.333182
4.662862
1.753176
1.434007
1.436295
-9999
1.014329
1.018552
-9999
2.677717
5.26717
7.202312
7.69604
4.941885
1.701589
1.481079
1.857092
1.004508
1.010749
-9999
-9999
2.551165
5.228145
6.888091
7.351851
4.684907
1.691485
1.502989
1.435461
-9999
1.030537
-9999
1.005441
2.265127
5.493525
7.17638
7.43858
4.703728
1.648026
1.54201
-9999
1.021597
1.032088
-9999
-9999
2.254864
5.595879
7.485228
7.87077
4.820998
1.700056
1.47275
1.211901
1.042337
1.060878
-9999
-9999
2.297265
4.886529
7.171536
7.668694
4.671211
1.747191
1.540397
1.224921
1.013207
-9999
1.034762
-9999
2.597136
4.929612
7.609878
7.67296
4.856205
1.646867
1.394653
1.038344
1.056461
1.071679
-9999
-9999
1.90225
4.273246
7.018804
7.421585
4.706055
1.764645
1.661787
-9999
1.027279
1.046435
-9999
1.087062
2.811935
5.541119
7.647812
7.213195
5.306036
1.726315
1.492757
1.06165
1.047841
1.071828
-9999
-9999
2.576115
5.018757
7.269094
7.431681
4.530151
1.826707
1.406208
1.044204
1.056071
1.07448
-9999
1.06753
2.431718
5.373584
7.539456
7.644606
4.44381
1.715631
1.368921
1.279865
1.073429
1.097599
-9999
-9999
2.429315
5.572191
7.430647
7.502722
4.937326
1.625522
1.521913
1.044908
1.074866
1.104749
-9999
1.108958
2.18512
5.617086
7.66397
8.365447
5.211726
1.669344
1.561612
1.295558
1.080189
1.096496
1.073089
-9999
2.115595
4.654277
7.823644
7.990041
5.141077
1.723621
1.543319
1.038529
1.106262
-9999
1.130002
-9999
2.519021
5.732185
7.741395
8.147274
4.299082
1.747291
1.476743
1.071668
1.128719
-9999
1.122664
1.117308
2.816922
5.89042
8.138213
7.845006
5.160249
1.801945
1.613718
1.071408
1.121816
1.121214
1.109131
-9999
2.149171
6.235651
7.758259
8.320961
5.255603
1.814207
1.707363
1.236302
1.114718
-9999
1.150832
-9999
2.201462
5.222719
7.528377
8.486926
4.946657
1.873009
1.586623
1.118249
1.138201
1.12548
-9999
1.145743
2.263453
4.790356
7.758156
8.310567
4.613758
1.901951
1.585317
1.194515
1.13043
1.147204
1.155614
1.094956
2.742161
5.557334
7.874064
8.191442
4.601285
1.733341
1.523491
1.259786
1.157399
1.180443
-9999
1.154478
3.024765
5.954502
7.657994
8.171662
5.011112
1.779161
1.800424
1.295778
1.163144
1.184208
-9999
1.144128
2.253942
6.156824
7.497872
8.792711
4.862731
1.697426
1.515763
1.088641
1.147558
-9999
-9999
1.21093
2.409611
5.4389
8.263604
7.929086
5.15016
1.838423
1.552048
1.294759
-9999
1.212155
1.194609
-9999
3.046285
5.881197
7.762525
8.173522
5.449493
1.997706
1.823106
1.131248
1.173474
-9999
1.192793
-9999
2.462268
6.221367
8.000914
8.079177
5.19613
1.874284
1.53848
1.326166
1.187657
1.221967
-9999
-9999
2.858643
5.711813
7.469344
8.947925
5.051668
1.966881
1.575289
1.298711
-9999
1.248304
-9999
-9999
2.84928
5.887006
8.129339
8.516086
5.341047
1.767824
1.785895
1.297134
1.19737
-9999
1.241139
1.223058
2.60019
6.105686
8.185186
8.246616
5.483818
2.007915
1.566147
1.170063
1.24839
1.29127
-9999
1.248567
3.269273
6.357252
7.977923
9.16099
5.296295
1.942012
1.705007
1.196602
1.576711
-9999
1.316542
1.618029
3.989537
6.781069
10.93366
10.72389
6.339974
2.293239
1.811169
1.593954
1.047919
1.508673
1.231941
1.938273
4.273424
9.09107
11.84676
13.265
7.117994
2.447376
2.024553
1.68944
1.335158
1.605892
1.183372
-9999
4.297658
8.611877
11.59459
12.31625
7.53952
2.550698
1.947476
1.615636
1.400842
1.506914
1.160949
1.104833
4.062525
9.893538
13.6954
14.48516
7.818577
2.804968
2.125851
1.444926
1.710683
1.314491
1.379329
1.235173
4.234443
12.16945
17.18934
18.51031
9.973075
3.104873
2.418789
2.052877
1.852995
1.452875
1.814704
1.45094
7.051472
13.8505
18.48491
21.29587
10.56692
3.665126
2.866107
1.990536
1.798288
1.800551
1.649437
1.528307
4.924325
15.71813
20.24294
21.70492
13.37479
3.693261
2.882107
2.259552
1.949929
2.122618
1.657615
1.298148
4.771599
15.13582
21.14464
24.0956
13.96214
4.047397
3.399462
2.115944
1.922608
2.189827
2.001076
1.81958
7.067223
20.37089
24.25294
28.33399
16.01642
4.867903
3.625757
2.43331
2.068506
2.66669
1.732827
1.828929
8.32857
18.99384
26.42821
27.99128
15.55366
4.901658
3.623462
2.788566
2.077676
2.138446
1.787349
1.785766
7.074246
20.61224
26.255
29.89109
16.81269
4.628709
3.901222
2.723377
2.361526
2.067394
2.260909
1.809978
6.882634
21.64099
27.66616
28.32925
16.39754
5.134903
3.669824
2.784142
2.321567
1.945325
2.402721
1.775093
7.95595
19.8592
27.11526
28.81886
16.02903
5.093208
3.867852
2.497629
2.558725
1.650665
1.774781
1.712213
6.495225
18.7828
27.35889
28.53712
15.66428
5.042635
3.692946
2.689949
1.995993
2.251275
2.02496
1.693012
5.8394
18.27931
27.41949
30.40538
16.67353
5.389175
4.092166
2.674844
2.71139
2.417364
2.371712
1.638329
8.648986
19.74053
28.11916
28.91256
16.80978
5.165126
4.058877
2.600577
2.111543
2.449936
2.104574
1.628127
6.808495
20.94565
28.19117
30.28782
18.58103
4.879655
4.001144
3.021454
2.315749
2.240149
2.141384
2.208014
6.673908
23.12229
29.04075
33.7495
19.23658
5.181127
3.880998
2.577964
2.51382
2.258003
2.233677
1.761273
6.401618
20.96549
30.33675
30.96145
16.64645
5.751616
4.199335
2.552067
2.301638
2.809606
2.170069
1.714707
8.916961
21.4896
31.15486
33.69331
20.58461
6.002761
3.995491
2.960199
2.735382
2.089063
2.661882
1.681857
7.834104
22.58099
31.09325
32.61985
19.4537
6.031031
4.240003
2.989612
2.122758
2.843702
2.081469
2.312039
9.42842
21.72977
29.75494
34.38123
20.28604
5.434581
4.087455
2.245026
2.478878
2.241916
2.33243
2.13987
8.506256
22.21054
29.01845
32.04832
20.99211
5.415722
4.266042
2.897593
2.415478
2.20422
2.720963
1.586526
8.392522
23.29685
29.87115
34.44598
19.28294
5.682161
4.421625
2.912547
2.493399
